--- Evaluation for PSNR = 20 dB ---
---------------------------------------------------------------------
  Method   |  Sigma   |  Theta   |  C-Score   | Precision  |   Recall  
---------------------------------------------------------------------
  Linear   |   1.0    |   0.10   |   0.6976   |   0.4940   |   0.9012  
  Linear   |   1.0    |   0.15   |   0.8737   |   0.8501   |   0.8972  
  Linear   |   1.0    |   0.20   |   0.8884   |   0.9176   |   0.8591  
  Linear   |   1.0    |   0.25   |   0.8347   |   0.9436   |   0.7258  
  Linear   |   1.0    |   0.30   |   0.7758   |   0.9556   |   0.5959  
  Linear   |   1.5    |   0.10   |   0.8644   |   0.8470   |   0.8818  
  Linear   |   1.5    |   0.15   |   0.9073   |   0.9336   |   0.8810  
  Linear   |   1.5    |   0.20   |   0.9147   |   0.9534   |   0.8760  
  Linear   |   1.5    |   0.25   |   0.8870   |   0.9777   |   0.7962  
  Linear   |   1.5    |   0.30   |   0.8021   |   0.9879   |   0.6162  
  Linear   |   2.0    |   0.10   |   0.8613   |   0.8512   |   0.8714  
  Linear   |   2.0    |   0.15   |   0.8998   |   0.9297   |   0.8700  
  Linear   |   2.0    |   0.20   |   0.9035   |   0.9410   |   0.8661  
  Linear   |   2.0    |   0.25   |   0.8922   |   0.9629   |   0.8216  
  Linear   |   2.0    |   0.30   |   0.7914   |   0.9780   |   0.6049  
  Linear   |   2.5    |   0.10   |   0.8152   |   0.7815   |   0.8490  
  Linear   |   2.5    |   0.15   |   0.8264   |   0.8063   |   0.8465  
  Linear   |   2.5    |   0.20   |   0.8629   |   0.8846   |   0.8413  
  Linear   |   2.5    |   0.25   |   0.8762   |   0.9367   |   0.8157  
  Linear   |   2.5    |   0.30   |   0.7704   |   0.9612   |   0.5797  
  Linear   |   3.0    |   0.10   |   0.7870   |   0.7634   |   0.8105  
  Linear   |   3.0    |   0.15   |   0.7861   |   0.7649   |   0.8073  
  Linear   |   3.0    |   0.20   |   0.7872   |   0.7717   |   0.8028  
  Linear   |   3.0    |   0.25   |   0.8113   |   0.8325   |   0.7901  
  Linear   |   3.0    |   0.30   |   0.7540   |   0.9282   |   0.5799  
  Linear   |   3.5    |   0.10   |   0.7411   |   0.7592   |   0.7230  
  Linear   |   3.5    |   0.15   |   0.7398   |   0.7604   |   0.7192  
  Linear   |   3.5    |   0.20   |   0.7379   |   0.7626   |   0.7133  
  Linear   |   3.5    |   0.25   |   0.7346   |   0.7659   |   0.7033  
  Linear   |   3.5    |   0.30   |   0.6866   |   0.8076   |   0.5657  
---------------------------------------------------------------------

>>> Best Result for 20 dB and Method = Linear: C = 0.9147 at Sigma = 1.5, Theta = 0.2

  Method   |  Sigma   |  Theta   |  C-Score   | Precision  |   Recall  
---------------------------------------------------------------------
Non-Linear |   1.0    |   0.10   |   0.7262   |   0.5368   |   0.9155  
Non-Linear |   1.0    |   0.15   |   0.9145   |   0.9167   |   0.9122  
Non-Linear |   1.0    |   0.20   |   0.9158   |   0.9612   |   0.8704  
Non-Linear |   1.0    |   0.25   |   0.8560   |   0.9802   |   0.7318  
Non-Linear |   1.0    |   0.30   |   0.7943   |   0.9890   |   0.5997  
Non-Linear |   1.5    |   0.10   |   0.8957   |   0.8827   |   0.9086  
Non-Linear |   1.5    |   0.15   |   0.9308   |   0.9539   |   0.9077  
Non-Linear |   1.5    |   0.20   |   0.9317   |   0.9616   |   0.9018  
Non-Linear |   1.5    |   0.25   |   0.8928   |   0.9730   |   0.8126  
Non-Linear |   1.5    |   0.30   |   0.8018   |   0.9780   |   0.6256  
Non-Linear |   2.0    |   0.10   |   0.8824   |   0.8634   |   0.9014  
Non-Linear |   2.0    |   0.15   |   0.9190   |   0.9380   |   0.8999  
Non-Linear |   2.0    |   0.20   |   0.9201   |   0.9441   |   0.8960  
Non-Linear |   2.0    |   0.25   |   0.8967   |   0.9487   |   0.8448  
Non-Linear |   2.0    |   0.30   |   0.7832   |   0.9515   |   0.6149  
Non-Linear |   2.5    |   0.10   |   0.8371   |   0.7864   |   0.8878  
Non-Linear |   2.5    |   0.15   |   0.8489   |   0.8126   |   0.8852  
Non-Linear |   2.5    |   0.20   |   0.8834   |   0.8869   |   0.8798  
Non-Linear |   2.5    |   0.25   |   0.8851   |   0.9220   |   0.8482  
Non-Linear |   2.5    |   0.30   |   0.7546   |   0.9179   |   0.5914  
Non-Linear |   3.0    |   0.10   |   0.7954   |   0.7455   |   0.8453  
Non-Linear |   3.0    |   0.15   |   0.7943   |   0.7469   |   0.8417  
Non-Linear |   3.0    |   0.20   |   0.7951   |   0.7534   |   0.8368  
Non-Linear |   3.0    |   0.25   |   0.8129   |   0.8075   |   0.8184  
Non-Linear |   3.0    |   0.30   |   0.7250   |   0.8625   |   0.5875  
Non-Linear |   3.5    |   0.10   |   0.7097   |   0.6991   |   0.7203  
Non-Linear |   3.5    |   0.15   |   0.7080   |   0.6998   |   0.7161  
Non-Linear |   3.5    |   0.20   |   0.7049   |   0.7000   |   0.7097  
Non-Linear |   3.5    |   0.25   |   0.6984   |   0.7000   |   0.6969  
Non-Linear |   3.5    |   0.30   |   0.6382   |   0.7237   |   0.5526  
---------------------------------------------------------------------

>>> Best Result for 20 dB and Method = Non-Linear: C = 0.9317 at Sigma = 1.5, Theta = 0.2


--- Evaluation for PSNR = 10 dB ---
---------------------------------------------------------------------
  Method   |  Sigma   |  Theta   |  C-Score   | Precision  |   Recall  
---------------------------------------------------------------------
  Linear   |   1.0    |   0.10   |   0.4620   |   0.0869   |   0.8372  
  Linear   |   1.0    |   0.15   |   0.4660   |   0.1402   |   0.7919  
  Linear   |   1.0    |   0.20   |   0.4883   |   0.2547   |   0.7219  
  Linear   |   1.0    |   0.25   |   0.5497   |   0.4612   |   0.6382  
  Linear   |   1.0    |   0.30   |   0.6285   |   0.7007   |   0.5563  
  Linear   |   1.5    |   0.10   |   0.4419   |   0.1242   |   0.7596  
  Linear   |   1.5    |   0.15   |   0.4907   |   0.2444   |   0.7370  
  Linear   |   1.5    |   0.20   |   0.5886   |   0.4883   |   0.6889  
  Linear   |   1.5    |   0.25   |   0.6784   |   0.7372   |   0.6195  
  Linear   |   1.5    |   0.30   |   0.7047   |   0.8601   |   0.5493  
  Linear   |   2.0    |   0.10   |   0.4578   |   0.1898   |   0.7258  
  Linear   |   2.0    |   0.15   |   0.5644   |   0.4143   |   0.7146  
  Linear   |   2.0    |   0.20   |   0.6853   |   0.6916   |   0.6789  
  Linear   |   2.0    |   0.25   |   0.7199   |   0.8235   |   0.6162  
  Linear   |   2.0    |   0.30   |   0.7083   |   0.8754   |   0.5413  
  Linear   |   2.5    |   0.10   |   0.4900   |   0.2778   |   0.7022  
  Linear   |   2.5    |   0.15   |   0.6277   |   0.5580   |   0.6973  
  Linear   |   2.5    |   0.20   |   0.7049   |   0.7361   |   0.6738  
  Linear   |   2.5    |   0.25   |   0.7125   |   0.8119   |   0.6132  
  Linear   |   2.5    |   0.30   |   0.6970   |   0.8603   |   0.5336  
  Linear   |   3.0    |   0.10   |   0.5236   |   0.3794   |   0.6679  
  Linear   |   3.0    |   0.15   |   0.6387   |   0.6126   |   0.6648  
  Linear   |   3.0    |   0.20   |   0.6705   |   0.6891   |   0.6519  
  Linear   |   3.0    |   0.25   |   0.6817   |   0.7605   |   0.6029  
  Linear   |   3.0    |   0.30   |   0.6748   |   0.8262   |   0.5233  
  Linear   |   3.5    |   0.10   |   0.5608   |   0.4846   |   0.6370  
  Linear   |   3.5    |   0.15   |   0.6390   |   0.6442   |   0.6338  
  Linear   |   3.5    |   0.20   |   0.6465   |   0.6662   |   0.6269  
  Linear   |   3.5    |   0.25   |   0.6471   |   0.7033   |   0.5910  
  Linear   |   3.5    |   0.30   |   0.6432   |   0.7664   |   0.5199  
---------------------------------------------------------------------

>>> Best Result for 10 dB and Method = Linear: C = 0.7199 at Sigma = 2.0, Theta = 0.25

  Method   |  Sigma   |  Theta   |  C-Score   | Precision  |   Recall  
---------------------------------------------------------------------
Non-Linear |   1.0    |   0.10   |   0.4709   |   0.0886   |   0.8532  
Non-Linear |   1.0    |   0.15   |   0.4753   |   0.1431   |   0.8075  
Non-Linear |   1.0    |   0.20   |   0.4984   |   0.2618   |   0.7351  
Non-Linear |   1.0    |   0.25   |   0.5643   |   0.4787   |   0.6498  
Non-Linear |   1.0    |   0.30   |   0.6490   |   0.7311   |   0.5670  
Non-Linear |   1.5    |   0.10   |   0.4718   |   0.1262   |   0.8174  
Non-Linear |   1.5    |   0.15   |   0.5226   |   0.2524   |   0.7928  
Non-Linear |   1.5    |   0.20   |   0.6262   |   0.5129   |   0.7395  
Non-Linear |   1.5    |   0.25   |   0.7157   |   0.7717   |   0.6596  
Non-Linear |   1.5    |   0.30   |   0.7347   |   0.8904   |   0.5789  
Non-Linear |   2.0    |   0.10   |   0.4950   |   0.1909   |   0.7990  
Non-Linear |   2.0    |   0.15   |   0.6093   |   0.4316   |   0.7870  
Non-Linear |   2.0    |   0.20   |   0.7340   |   0.7241   |   0.7439  
Non-Linear |   2.0    |   0.25   |   0.7567   |   0.8460   |   0.6673  
Non-Linear |   2.0    |   0.30   |   0.7322   |   0.8872   |   0.5773  
Non-Linear |   2.5    |   0.10   |   0.5266   |   0.2776   |   0.7757  
Non-Linear |   2.5    |   0.15   |   0.6724   |   0.5754   |   0.7694  
Non-Linear |   2.5    |   0.20   |   0.7488   |   0.7581   |   0.7394  
Non-Linear |   2.5    |   0.25   |   0.7417   |   0.8177   |   0.6657  
Non-Linear |   2.5    |   0.30   |   0.7117   |   0.8532   |   0.5702  
Non-Linear |   3.0    |   0.10   |   0.5573   |   0.3793   |   0.7352  
Non-Linear |   3.0    |   0.15   |   0.6765   |   0.6223   |   0.7308  
Non-Linear |   3.0    |   0.20   |   0.7058   |   0.6967   |   0.7149  
Non-Linear |   3.0    |   0.25   |   0.7056   |   0.7568   |   0.6544  
Non-Linear |   3.0    |   0.30   |   0.6792   |   0.8029   |   0.5556  
Non-Linear |   3.5    |   0.10   |   0.5706   |   0.4651   |   0.6761  
Non-Linear |   3.5    |   0.15   |   0.6486   |   0.6264   |   0.6708  
Non-Linear |   3.5    |   0.20   |   0.6536   |   0.6457   |   0.6615  
Non-Linear |   3.5    |   0.25   |   0.6474   |   0.6741   |   0.6207  
Non-Linear |   3.5    |   0.30   |   0.6252   |   0.7155   |   0.5350  
---------------------------------------------------------------------

>>> Best Result for 10 dB and Method = Non-Linear: C = 0.7567 at Sigma = 2.0, Theta = 0.25
